fator
7.001
7.001
7.001
7.001
7.001
7.001
7.001
7.001
7.001
7.001
7.001
7.001
7.001
7.001
7.001
7.001
7.001
7.001
7.001
7.001
7.001
7.001
7.001
7.001
7.001
10.754
10.754
10.754
10.754
10.754
10.754
10.754
10.754
10.754
10.754
10.754
10.754
10.754
10.754
10.754
10.754
10.754
3.752
3.752
3.752
3.752
3.752
3.752
3.752
3.752
3.752
3.752
3.752
3.752
3.752
3.752
3.752
3.752
5.190
5.190
5.190
5.190
5.190
5.190
5.190
5.190
5.190
5.190
5.190
5.190
5.190
5.190
5.190
4.171
4.171
4.171
4.171
4.171
4.171
4.171
4.171
4.171
4.171
4.171
4.171
4.171
4.171
8.943
8.943
8.943
8.943
8.943
8.943
8.943
8.943
8.943
8.943
8.943
8.943
8.943
9.988
9.988
9.988
9.988
9.988
9.988
9.988
9.988
9.988
9.988
9.988
9.988
9.988
5.247
5.247
5.247
5.247
5.247
5.247
5.247
5.247
5.247
5.247
1.815
1.815
1.815
1.815
1.815
1.815
1.815
1.815
1.815
1.815
3.737
3.737
3.737
3.737
3.737
3.737
3.737
3.737
3.737
3.737
2.776
2.776
2.776
2.776
2.776
2.776
2.776
2.776
2.776
2.776
2.166
2.166
2.166
2.166
2.166
2.166
2.166
2.166
2.166
2.166
4.295
4.295
4.295
4.295
4.295
4.295
4.295
4.295
4.295
3.273
3.273
3.273
3.273
3.273
3.273
3.273
3.273
1.47
1.47
1.47
1.47
1.47
1.47
1.47
1.47
3.06
3.06
3.06
3.06
3.06
3.06
3.06
3.06
5.516
5.516
5.516
5.516
5.516
5.516
5.516
5.516
7.129
7.129
7.129
7.129
7.129
7.129
7.129
14.224
14.224
14.224
14.224
14.224
14.224
14.224
3.541
3.541
3.541
3.541
3.541
3.541
2.088
2.088
2.088
2.088
2.088
2.088
2.454
2.454
2.454
2.454
2.454
2.454
2.805
2.805
2.805
2.805
2.805
2.805
1.813
1.813
1.813
1.813
1.813
1.787
1.787
1.787
1.787
1.787
3.526
3.526
3.526
3.526
3.526
1.933
1.933
1.933
1.933
1.933
1.996
1.996
1.996
1.996
1.996
4.362
4.362
4.362
4.362
4.362
6.263
6.263
6.263
6.263
6.263
6.371
6.371
6.371
6.371
6.371
1.222
1.222
1.222
1.222
1.222
4.778
4.778
4.778
4.778
4.778
1.747
1.747
1.747
1.747
1.467
1.467
1.467
1.467
1.058
1.058
1.058
1.058
3.229
3.229
3.229
3.229
2.817
2.817
2.817
2.817
6.064
6.064
6.064
6.064
2.920
2.920
2.920
2.920
2.476
2.476
2.476
2.476
2.504
2.504
2.504
2.504
2.620
2.620
2.620
2.620
2.839
2.839
2.839
2.839
4.315
4.315
4.315
4.315
4.927
4.927
4.927
4.927
0.719
0.719
0.719
0.719
1.743
1.743
1.743
1.743
14.136
14.136
14.136
14.136
13.4
13.4
13.4
13.4
1.091
1.091
1.091
1.091
2.184
2.184
2.184
5.202
5.202
5.202
2.629
2.629
2.629
0.326
0.326
0.326
3.167
3.167
3.167
4.621
4.621
4.621
2.088
2.088
2.088
3.834
3.834
3.834
7.968
7.968
7.968
4.177
4.177
4.177
1.501
1.501
1.501
2.453
2.453
2.453
2.135
2.135
2.135
1.559
1.559
1.559
2.36
2.36
2.36
6.085
6.085
6.085
2.915
2.915
2.915
4.608
4.608
4.608
2.702
2.702
2.702
0.885
0.885
0.885
3.088
3.088
3.088
0
0
0
2.982
2.982
2.982
0
0
16.383
16.383
30.528
30.528
2.973
2.973
2.838
2.838
7.392
7.392
5.135
5.135
4.930
4.930
1.976
1.976
2.616
2.616
5.532
5.532
3.468
3.468
2.719
2.719
2.745
2.745
4.381
4.381
0.897
0.897
2.434
2.434
3.272
3.272
3.077
3.077
2.933
2.933
8.514
8.514
2.172
2.172
3.420
3.420
4.109
4.109
3.246
3.246
4.238
4.238
8.129
8.129
13.111
13.111
0
0
2.731
2.731
5.0
5.0
3.318
3.318
8.91
8.91
2.889
2.889
2.727
2.727
1.716
1.716
4.383
4.383
2.481
2.481
7.34
7.34
5.019
5.019
17.694
17.694
0.69
0.69
6.49
6.49
3.645
3.645
3.754
3.754
3.565
3.565
3.09
3.09
4.004
4.004
4.456
4.456
6.652
6.652
3.421
3.421
0.246
0.246
2.093
2.093
7.889
7.889
4.571
4.571
1.496
1.496
0.859
0.859
0
0
0
6.14
4.632
1.091
1.395
3.172
2.223
2.839
3.139
2.228
3.532
9.133
3.231
0.944
2.47
2.024
5.723
24.319
3.588
2.218
0.128
4.446
4.079
3.731
4.296
3.606
2.583
7.419
3.434
11.889
4.395
2.253
9.473
3.102
6.268
6.562
4.501
4.473
4.59
6.065
4.264
1.591
5.633
4.52
7.563
3.092
7.693
3.226
3.31
3.101
1.457
3.029
5.785
3.956
6.536
4.700
3.593
0.471
3.151
1.798
4.69
5.547
0.9
6.424
3.475
7.758
4.218
1.3
5.195
2.064
4.519
4.384
3.538
6.064
5.545
4.496
4.232
6.609
4.702
3.913
4.141
2.087
18.010
4.31
4.406
0.129
4.956
6.909
2.217
4.102
0.742
0.803
2.406
0.846
6.449
3.084
2.729
2.793
7.139
0.904
0.949
2.961
11.217
2.575
0.346
6.869
3.057
4.81
3.595
2.92
11.072
8.321
2.170
3.229
4.598
2.047
3.307
2.316
2.506
2.368
3.895
6.267
4.682
1.469
6.633
1.134
0.947
4.803
4.458
5.168
3.228
2.727
4.534
2.287
2.726
4.755
3.456
3.24
8.139
1.022
1.598
2.392
2.282
1.733
5.6
4.029
4.562
4.636
2.17
8.335
1.695
8.678
5.029
1.496
2.488
69.504
19.1
20.403
1.352
5.666
0.43
3.990
5.652
6.525
1.5
3.352
2.198
0
12.779
5.531
3.352
2.797
6.318
2.369
16.799
1.723
2.924
4.01
1.843
1.119
1.225
1.52
0.151
2.58
63.832
8.501
0.398
3.329
0.694
9.136
2.114
7.188
3.752
1.414
4.098
1.05
3.889
5.464
4
9.16
3.685
13.622
18.23
4.11
8.816
3.395
2.848
3.019
0
1.257
1.581